45 10 0
0 0 0
0 1 9
0 2 1
0 3 4
0 4 7
0 5 7
0 6 6
0 7 10
0 8 4
0 9 4
1 0 9
1 1 0
1 2 10
1 3 6
1 4 2
1 5 2
1 6 11
1 7 8
1 8 9
1 9 7
2 0 1
2 1 10
2 2 0
2 3 7
2 4 8
2 5 12
2 6 10
2 7 3
2 8 11
2 9 6
3 0 4
3 1 6
3 2 7
3 3 0
3 4 5
3 5 9
3 6 11
3 7 2
3 8 10
3 9 9
4 0 7
4 1 2
4 2 8
4 3 5
4 4 0
4 5 5
4 6 9
4 7 8
4 8 4
4 9 7
5 0 7
5 1 2
5 2 12
5 3 9
5 4 5
5 5 0
5 6 4
5 7 8
5 8 9
5 9 12
6 0 6
6 1 11
6 2 10
6 3 11
6 4 9
6 5 4
6 6 0
6 7 8
6 8 3
6 9 1
7 0 10
7 1 8
7 2 3
7 3 2
7 4 8
7 5 8
7 6 8
7 7 0
7 8 7
7 9 1
8 0 4
8 1 9
8 2 11
8 3 10
8 4 4
8 5 9
8 6 3
8 7 7
8 8 0
8 9 10
9 0 4
9 1 7
9 2 6
9 3 9
9 4 7
9 5 12
9 6 1
9 7 1
9 8 10
9 9 0
